# vice_dl_x64sc_pc v2 (poll-interrupt)
# N PC
0 3093
1 3095
2 3093
3 3097
4 3095
5 3095
6 3093
7 3093
8 3097
9 3095
10 3093
11 3093
12 3097
13 3095
14 3095
15 3093
16 3097
17 3095
18 3095
19 3093
20 3093
21 3097
22 3095
23 3093
24 3093
25 3097
26 3095
27 3095
28 3093
29 3097
30 3095
31 3095
32 3093
33 3097
34 3097
35 3095
36 3093
37 3093
38 3097
39 3095
40 3093
41 3093
42 3097
43 3095
44 3095
45 3093
46 3097
47 3095
48 3095
49 3093
50 3093
51 3097
52 3095
53 3093
54 3093
55 3097
56 3095
57 3095
58 3093
59 3097
60 3095
61 3095
62 3093
63 3093
64 3097
65 3095
66 3093
67 3093
68 3097
69 3095
70 3095
71 3093
72 3097
73 3095
74 3095
75 3093
76 3097
77 3097
78 3095
79 3093
80 3093
81 3097
82 3095
83 3093
84 3093
85 3097
86 3095
87 3095
88 3093
89 3097
90 3095
91 3095
92 3093
93 3093
94 3097
95 3095
96 3093
97 3093
98 3097
99 3095
100 3095
101 3093
102 3097
103 3095
104 3095
105 3093
106 3093
107 3097
108 3095
109 3093
110 3093
111 3097
112 3095
113 3095
114 3093
115 3097
116 3095
117 3095
118 3093
119 3097
120 3097
121 3095
122 3093
123 3093
124 3097
125 3095
126 3093
127 3093
128 3097
129 3095
130 3095
131 3093
132 3097
133 3095
134 3095
135 3093
136 3093
137 3097
138 3095
139 3093
140 3093
141 3097
142 3095
143 3095
144 3093
145 3097
146 3095
147 3095
148 3093
149 3093
150 3097
151 3095
152 3093
153 3093
154 3097
155 3095
156 3095
157 3093
158 3097
159 3095
160 3095
161 3093
162 3097
163 3095
164 3095
165 3093
166 3093
167 3097
168 3095
169 3093
170 3093
171 3097
172 3095
173 3095
174 3093
175 3097
176 3095
177 3095
178 3093
179 3093
180 3097
181 3095
182 3093
183 3093
184 3097
185 3095
186 3095
187 3093
188 3097
189 3095
190 3095
191 3093
192 3093
193 3097
194 3095
195 3093
196 3093
197 3097
198 3095
199 3093
200 3093
201 3097
202 3095
203 3095
204 3093
205 3097
206 3095
207 3095
208 3093
209 3093
210 3097
211 3095
212 3093
213 3093
214 3097
215 3095
216 3095
217 3093
218 3097
219 3095
220 3095
221 3093
222 3093
223 3097
224 3095
225 3093
226 3093
227 3097
228 3095
229 3095
230 3093
231 3097
232 3095
233 3095
234 3093
235 3097
236 3097
237 3095
238 3093
239 3093
240 3097
241 3095
242 3093
243 3093
244 3097
245 3095
246 3095
247 3093
248 3097
249 3095
250 3095
251 3093
252 3093
253 3097
254 3095
255 3093
256 3093
257 3097
258 3095
259 3095
260 3093
261 3097
262 3095
263 3095
264 3093
265 3093
266 3097
267 3095
268 3093
269 3093
270 3097
271 3095
272 3095
273 3093
274 3097
275 3095
276 3095
277 3093
278 3097
279 3097
280 3095
281 3093
282 3093
283 3097
284 3095
285 3093
286 3093
287 3097
288 3095
289 3095
290 3093
291 3097
292 3095
293 3095
294 3093
295 3093
296 3097
297 3095
298 3093
299 3093
300 3097
301 3095
302 3095
303 3093
304 3097
305 3095
306 3095
307 3093
308 3093
309 3097
310 3095
311 3093
312 3093
313 3097
314 3095
315 3095
316 3093
317 3097
318 3095
319 3095
320 3093
321 3097
322 3097
323 3095
324 3093
325 3093
326 3097
327 3095
328 3093
329 3093
330 3097
331 3095
332 3095
333 3093
334 3097
335 3095
336 3095
337 3093
338 3093
339 3097
340 3095
341 3093
342 3093
343 3097
344 3095
345 3095
346 3093
347 3097
348 3095
349 3095
350 3093
351 3093
352 3097
353 3095
354 3093
355 3093
356 3097
357 3095
358 3095
359 3093
360 3097
361 3095
362 3095
363 3093
364 3097
365 3095
366 3095
367 3093
368 3093
369 3097
370 3095
371 3093
372 3093
373 3097
374 3095
375 3095
376 3093
377 3097
378 3095
379 3095
380 3093
381 3093
382 3097
383 3095
384 3093
385 3093
386 3097
387 3095
388 3095
389 3093
390 3097
391 3095
392 3095
393 3093
394 3093
395 3097
396 3095
397 3093
398 3093
399 3097
400 3095
401 3093
402 3093
403 3097
404 3095
405 3095
406 3093
407 3097
408 3095
409 3095
410 3093
411 3093
412 3097
413 3095
414 3093
415 3093
416 3097
417 3095
418 3095
419 3093
420 3097
421 3095
422 3095
423 3093
424 3093
425 3097
426 3095
427 3093
428 3093
429 3097
430 3095
431 3095
432 3093
433 3097
434 3095
435 3095
436 3093
437 3097
438 3097
439 3095
440 3093
441 3093
442 3097
443 3095
444 3093
445 3093
446 3097
447 3095
448 3095
449 3093
450 3097
451 3095
452 3095
453 3093
454 3093
455 3097
456 3095
457 3093
458 3093
459 3097
460 3095
461 3095
462 3093
463 3097
464 3095
465 3095
466 3093
467 3093
468 3097
469 3095
470 3093
471 3093
472 3097
473 3095
474 3095
475 3093
476 3097
477 3095
478 3095
479 3093
480 3097
481 3097
482 3095
483 3093
484 3093
485 3097
486 3095
487 3093
488 3093
489 3097
490 3095
491 3095
492 3093
493 3097
494 3095
495 3095
496 3093
497 3093
498 3097
499 3095
500 3093
501 3093
502 3097
503 3095
504 3095
505 3093
506 3097
507 3095
508 3095
509 3093
510 3093
511 3097
512 3095
513 3093
514 3093
515 3097
516 3095
517 3095
518 3093
519 3097
520 3095
521 3095
522 3093
523 3097
524 3097
525 3095
526 3093
527 3093
528 3097
529 3095
530 3093
531 3093
532 3097
533 3095
534 3095
535 3093
536 3097
537 3095
538 3095
539 3093
540 3093
541 3097
542 3095
543 3093
544 3093
545 3097
546 3095
547 3095
548 3093
549 3097
550 3095
551 3095
552 3093
553 3093
554 3097
555 3095
556 3093
557 3093
558 3097
559 3095
560 3095
561 3093
562 3097
563 3095
564 3095
565 3093
566 3097
567 3095
568 3095
569 3093
570 3093
571 3097
572 3095
573 3093
574 3093
575 3097
576 3095
577 3095
578 3093
579 3097
580 3095
581 3095
582 3093
583 3093
584 3097
585 3095
586 3093
587 3093
588 3097
589 3095
590 3095
591 3093
592 3097
593 3095
594 3095
595 3093
596 3097
597 3097
598 3095
599 3093
600 3093
601 3097
602 3095
603 3093
604 3093
605 3097
606 3095
607 3095
608 3093
609 3097
610 3095
611 3095
612 3093
613 3093
614 3097
615 3095
616 3093
617 3093
618 3097
619 3095
620 3095
621 3093
622 3097
623 3095
624 3095
625 3093
626 3093
627 3097
628 3095
629 3093
630 3093
631 3097
632 3095
633 3095
634 3093
635 3097
636 3095
637 3095
638 3093
639 3097
640 3097
641 3095
642 3093
643 3093
644 3097
645 3095
646 3093
647 3093
648 3097
649 3095
650 3095
651 3093
652 3097
653 3095
654 3095
655 3093
656 3093
657 3097
658 3095
659 3093
660 3093
661 3097
662 3095
663 3095
664 3093
665 3097
666 3095
667 3095
668 3093
669 3093
670 3097
671 3095
672 3093
673 3093
674 3097
675 3095
676 3095
677 3093
678 3097
679 3095
680 3095
681 3093
682 3097
683 3097
684 3095
685 3093
686 3093
687 3097
688 3095
689 3093
690 3093
691 3097
692 3095
693 3095
694 3093
695 3097
696 3095
697 3095
698 3093
699 3093
700 3097
701 3095
702 3093
703 3093
704 3097
705 3095
706 3095
707 3093
708 3097
709 3095
710 3095
711 3093
712 3093
713 3097
714 3095
715 3093
716 3093
717 3097
718 3095
719 3095
720 3093
721 3097
722 3095
723 3095
724 3093
725 3097
726 3097
727 3095
728 3093
729 3093
730 3097
731 3095
732 3093
733 3093
734 3097
735 3095
736 3095
737 3093
738 3097
739 3095
740 3095
741 3093
742 3093
743 3097
744 3095
745 3093
746 3093
747 3097
748 3095
749 3095
750 3093
751 3097
752 3095
753 3095
754 3093
755 3093
756 3097
757 3095
758 3093
759 3093
760 3097
761 3095
762 3093
763 3093
764 3097
765 3095
766 3095
767 3093
768 3097
769 3095
770 3095
771 3093
772 3093
773 3097
774 3095
775 3093
776 3093
777 3097
778 3095
779 3095
780 3093
781 3097
782 3095
783 3095
784 3093
785 3093
786 3097
787 3095
788 3093
789 3093
790 3097
791 3095
792 3095
793 3093
794 3097
795 3095
796 3095
797 3093
798 3097
799 3097
800 3095
801 3093
802 3093
803 3097
804 3095
805 3093
806 3093
807 3097
808 3095
809 3095
810 3093
811 3097
812 3095
813 3095
814 3093
815 3093
816 3097
817 3095
818 3093
819 3093
820 3097
821 3095
822 3095
823 3093
824 3097
825 3095
826 3095
827 3093
828 3093
829 3097
830 3095
831 3093
832 3093
833 3097
834 3095
835 3095
836 3093
837 3097
838 3095
839 3095
840 3093
841 3097
842 3097
843 3095
844 3093
845 3093
846 3097
847 3095
848 3093
849 3093
850 3097
851 3095
852 3095
853 3093
854 3097
855 3095
856 3095
857 3093
858 3093
859 3097
860 3095
861 3093
862 3093
863 3097
864 3095
865 3095
866 3093
867 3097
868 3095
869 3095
870 3093
871 3093
872 3097
873 3095
874 3093
875 3093
876 3097
877 3095
878 3095
879 3093
880 3097
881 3095
882 3095
883 3093
884 3097
885 3097
886 3095
887 3093
888 3093
889 3097
890 3095
891 3093
892 3093
893 3097
894 3095
895 3095
896 3093
897 3097
898 3095
899 3095
900 3093
901 3093
902 3097
903 3095
904 3093
905 3093
906 3097
907 3095
908 3095
909 3093
910 3097
911 3095
912 3095
913 3093
914 3093
915 3097
916 3095
917 3093
918 3093
919 3097
920 3095
921 3095
922 3093
923 3097
924 3095
925 3095
926 3093
927 3097
928 3095
929 3095
930 3093
931 3093
932 3097
933 3095
934 3093
935 3093
936 3097
937 3095
938 3095
939 3093
940 3097
941 3095
942 3095
943 3093
944 3093
945 3097
946 3095
947 3093
948 3093
949 3097
950 3095
951 3095
952 3093
953 3097
954 3095
955 3095
956 3093
957 3093
958 3097
959 3095
960 3093
961 3093
962 3097
963 3095
964 3093
965 3093
966 3097
967 3095
968 3095
969 3093
970 3097
971 3095
972 3095
973 3093
974 3093
975 3097
976 3095
977 3093
978 3093
979 3097
980 3095
981 3095
982 3093
983 3097
984 3095
985 3095
986 3093
987 3093
988 3097
989 3095
990 3093
991 3093
992 3097
993 3095
994 3095
995 3093
996 3097
997 3095
998 3095
999 3093
