# vice_dl_x64sc_pc v2 (poll-interrupt)
# N PC
0 8734
1 83bc
2 8b3b
3 8734
4 8100
5 3097
6 83bc
7 8b3b
8 8734
9 8100
10 3093
11 83bc
12 8b3b
13 8734
14 8100
15 3097
16 83bc
17 8b3b
18 8734
19 8100
20 3093
21 83bc
22 8b3b
23 8734
24 8100
25 3097
26 83bc
27 8b3b
28 8734
29 8100
30 3093
31 83bc
32 8b3b
33 8734
34 8100
35 3097
36 83bc
37 8b3b
38 8734
39 8100
40 3093
41 83bc
42 8b3b
43 8734
44 8100
45 3097
46 83bc
47 8b3b
48 8734
49 8100
50 3093
51 83bc
52 8b3b
53 8734
54 8100
55 3097
56 83bc
57 8b3b
58 8734
59 8100
60 3093
61 83bc
62 8b3b
63 8734
64 8100
65 3097
66 83bc
67 8b3b
68 8734
69 8100
70 3093
71 83bc
72 8b3b
73 8734
74 8100
75 3097
76 83bc
77 8b3b
78 8734
79 8100
80 3093
81 83bc
82 8b3b
83 8734
84 8100
85 3097
86 83bc
87 8b3b
88 8734
89 8100
90 3093
91 83bc
92 8b3b
93 8734
94 8100
95 3097
96 83bc
97 8b3b
98 8734
99 8100
100 3093
101 83bc
102 8b3b
103 8734
104 8100
105 3097
106 83bc
107 8b3b
108 8734
109 8100
110 3093
111 83bc
112 8b3b
113 8734
114 8100
115 3097
116 83bc
117 8b3b
118 8734
119 8100
120 3093
121 83bc
122 8b3b
123 8734
124 8100
125 3097
126 83bc
127 8b3b
128 8734
129 8100
130 3093
131 83bc
132 8b3b
133 8734
134 8100
135 3097
136 83bc
137 8b3b
138 8734
139 8100
140 3093
141 83bc
142 8b3b
143 8734
144 8100
145 3097
146 83bc
147 8b3b
148 8734
149 8100
150 3093
151 83bc
152 8b3b
153 8734
154 8100
155 3097
156 83bc
157 8b3b
158 8734
159 8100
160 3093
161 83bc
162 8b3b
163 8734
164 8100
165 3097
166 83bc
167 8b3b
168 8734
169 8100
170 3093
171 83bc
172 8b3b
173 8734
174 8100
175 3097
176 83bc
177 8b3b
178 8734
179 8100
180 3093
181 83bc
182 8b3b
183 8734
184 8100
185 3097
186 83bc
187 8b3b
188 8734
189 8100
190 3093
191 83bc
192 8b3b
193 8734
194 8100
195 3097
196 83bc
197 8b3b
198 8734
199 8100
200 3093
201 83bc
202 8b3b
203 8734
204 8100
205 3097
206 83bc
207 8b3b
208 8734
209 8100
210 3093
211 83bc
212 8b3b
213 8734
214 8100
215 3097
216 83bc
217 8b3b
218 8734
219 8100
220 3093
221 83bc
222 8b3b
223 8734
224 8100
225 3097
226 83bc
227 8b3b
228 8734
229 8100
230 3093
231 83bc
232 8b3b
233 8734
234 8100
235 3097
236 83bc
237 8b3b
238 8734
239 8100
240 3093
241 83bc
242 8b3b
243 8734
244 8100
245 3097
246 83bc
247 8b3b
248 8734
249 8100
250 3093
251 83bc
252 8b3b
253 8734
254 8100
255 3097
256 83bc
257 8b3b
258 8734
259 8100
260 3093
261 83bc
262 8b3b
263 8734
264 8100
265 3097
266 83bc
267 8b3b
268 8734
269 8100
270 3093
271 83bc
272 8b3b
273 8734
274 8100
275 3097
276 83bc
277 8b3b
278 8734
279 8100
280 3093
281 83bc
282 8b3b
283 8734
284 8100
285 3097
286 83bc
287 8b3b
288 8734
289 8100
290 3093
291 83bc
292 8b3b
293 8734
294 8100
295 3097
296 83bc
297 8b3b
298 8734
299 8100
300 3093
301 83bc
302 8b3b
303 8734
304 8100
305 3097
306 83bc
307 8b3b
308 8734
309 8100
310 3093
311 83bc
312 8b3b
313 8734
314 8100
315 3097
316 83bc
317 8b3b
318 8734
319 8100
320 3093
321 83bc
322 8b3b
323 8734
324 8100
325 3097
326 83bc
327 8b3b
328 8734
329 8100
330 3093
331 83bc
332 8b3b
333 8734
334 8100
335 3097
336 83bc
337 8b3b
338 8734
339 8100
340 3093
341 83bc
342 8b3b
343 8734
344 8100
345 3097
346 83bc
347 8b3b
348 8734
349 8100
350 3093
351 83bc
352 8b3b
353 8734
354 8100
355 3097
356 83bc
357 8b3b
358 8734
359 8100
360 3093
361 83bc
362 8b3b
363 8734
364 8100
365 3097
366 83bc
367 8b3b
368 8734
369 8100
370 3093
371 83bc
372 8b3b
373 8734
374 8100
375 3097
376 83bc
377 8b3b
378 8734
379 8100
380 3093
381 83bc
382 8b3b
383 8734
384 8100
385 3097
386 83bc
387 8b3b
388 8734
389 8100
390 3093
391 83bc
392 8b3b
393 8734
394 8100
395 3097
396 83bc
397 8b3b
398 8734
399 8100
400 3093
401 83bc
402 8b3b
403 8734
404 8100
405 3097
406 83bc
407 8b3b
408 8734
409 8100
410 3093
411 83bc
412 8b3b
413 8734
414 8100
415 3097
416 83bc
417 8b3b
418 8734
419 8100
420 3093
421 83bc
422 8b3b
423 8734
424 8100
425 3097
426 83bc
427 8b3b
428 8734
429 8100
430 3093
431 83bc
432 8b3b
433 8734
434 8100
435 3097
436 83bc
437 8b3b
438 8734
439 8100
440 3093
441 83bc
442 8b3b
443 8734
444 8100
445 3097
446 83bc
447 8b3b
448 8734
449 8100
450 3093
451 83bc
452 8b3b
453 8734
454 8100
455 3097
456 83bc
457 8b3b
458 8734
459 8100
460 3093
461 83bc
462 8b3b
463 8734
464 8100
465 3097
466 83bc
467 8b3b
468 8734
469 8100
470 3093
471 83bc
472 8b3b
473 8734
474 8100
475 3097
476 83bc
477 8b3b
478 8734
479 8100
480 3093
481 83bc
482 8b3b
483 8734
484 8100
485 3097
486 83bc
487 8b3b
488 8734
489 8100
490 3093
491 83bc
492 8b3b
493 8734
494 8100
495 3097
496 83bc
497 8b3b
498 8734
499 8100
500 3093
501 83bc
502 8b3b
503 8734
504 8100
505 3097
506 83bc
507 8b3b
508 8734
509 8100
510 3093
511 83bc
512 8b3b
513 8734
514 8100
515 3097
516 83bc
517 8b3b
518 8734
519 8100
520 3093
521 83bc
522 8b3b
523 8734
524 8100
525 3097
526 83bc
527 8b3b
528 8734
529 8100
530 3093
531 83bc
532 8b3b
533 8734
534 8100
535 3097
536 83bc
537 8b3b
538 8734
539 8100
540 3093
541 83bc
542 8b3b
543 8734
544 8100
545 3097
546 83bc
547 8b3b
548 8734
549 8100
550 3093
551 83bc
552 8b3b
553 8734
554 8100
555 3097
556 83bc
557 8b3b
558 8734
559 8100
560 3093
561 83bc
562 8b3b
563 8734
564 8100
565 3097
566 83bc
567 8b3b
568 8734
569 8100
570 3093
571 83bc
572 8b3b
573 8734
574 8100
575 3097
576 83bc
577 8b3b
578 8734
579 8100
580 3093
581 83bc
582 8b3b
583 8734
584 8100
585 3097
586 83bc
587 8b3b
588 8734
589 8100
590 3093
591 83bc
592 8b3b
593 8734
594 8100
595 3097
596 83bc
597 8b3b
598 8734
599 8100
600 3093
601 83bc
602 8b3b
603 8734
604 8100
605 3095
606 83bc
607 8b3b
608 8734
609 8100
610 3093
611 83bc
612 8b3b
613 8734
614 8100
615 3097
616 83bc
617 8b3b
618 8734
619 8100
620 3093
621 83bc
622 8b3b
623 8734
624 8100
625 3097
626 83bc
627 8b3b
628 8734
629 8100
630 3093
631 83bc
632 8b3b
633 8734
634 8100
635 3097
636 83bc
637 8b3b
638 8734
639 8100
640 3093
641 83bc
642 8b3b
643 8734
644 8100
645 3097
646 83bc
647 8b3b
648 8734
649 8100
650 3093
651 83bc
652 8b3b
653 8734
654 8100
655 3097
656 83bc
657 8b3b
658 8734
659 8100
660 3093
661 83bc
662 8b3b
663 8734
664 8100
665 3097
666 83bc
667 8b3b
668 8734
669 8100
670 3093
671 83bc
672 8b3b
673 8734
674 8100
675 3097
676 83bc
677 8b3b
678 8734
679 8100
680 3093
681 83bc
682 8b3b
683 8734
684 8100
685 3097
686 83bc
687 8b3b
688 8734
689 8100
690 3093
691 83bc
692 8b3b
693 8734
694 8100
695 3097
696 83bc
697 8b3b
698 8734
699 8100
700 3093
701 83bc
702 8b3b
703 8734
704 8100
705 3097
706 83bc
707 8b3b
708 8734
709 8100
710 3093
711 83bc
712 8b3b
713 8734
714 8100
715 3097
716 83bc
717 8b3b
718 8734
719 8100
720 3093
721 83bc
722 8b3b
723 8734
724 8100
725 3097
726 83bc
727 8b3b
728 8734
729 8100
730 3093
731 83bc
732 8b3b
733 8734
734 8100
735 3097
736 83bc
737 8b3b
738 8734
739 8100
740 3093
741 83bc
742 8b3b
743 8734
744 8100
745 3097
746 83bc
747 8b3b
748 8734
749 8100
750 3093
751 83bc
752 8b3b
753 8734
754 8100
755 3097
756 83bc
757 8b3b
758 8734
759 8100
760 3093
761 83bc
762 8b3b
763 8734
764 8100
765 3097
766 83bc
767 8b3b
768 8734
769 8100
770 3093
771 83bc
772 8b3b
773 8734
774 8100
775 3097
776 83bc
777 8b3b
778 8734
779 8100
780 3093
781 83bc
782 8b3b
783 8734
784 8100
785 3097
786 83bc
787 8b3b
788 8734
789 8100
790 3093
791 83bc
792 8b3b
793 8734
794 8100
795 3097
796 83bc
797 8b3b
798 8734
799 8100
800 3093
801 83bc
802 8b3b
803 8734
804 8100
805 3097
806 83bc
807 8b3b
808 8734
809 8100
810 3093
811 83bc
812 8b3b
813 8734
814 8100
815 3097
816 83bc
817 8b3b
818 8734
819 8100
820 3093
821 83bc
822 8b3b
823 8734
824 8100
825 3097
826 83bc
827 8b3b
828 8734
829 8100
830 3093
831 83bc
832 8b3b
833 8734
834 8100
835 3097
836 83bc
837 8b3b
838 8734
839 8100
840 3093
841 83bc
842 8b3b
843 8734
844 8100
845 3097
846 83bc
847 8b3b
848 8734
849 8100
850 3093
851 83bc
852 8b3b
853 8734
854 8100
855 3097
856 83bc
857 8b3b
858 8734
859 8100
860 3093
861 83bc
862 8b3b
863 8734
864 8100
865 3097
866 83bc
867 8b3b
868 8734
869 8100
870 3093
871 83bc
872 8b3b
873 8734
874 8100
875 3097
876 83bc
877 8b3b
878 8734
879 8100
880 3093
881 83bc
882 8b3b
883 8734
884 8100
885 3097
886 83bc
887 8b3b
888 8734
889 8100
890 3093
891 83bc
892 8b3b
893 8734
894 8100
895 3097
896 83bc
897 8b3b
898 8734
899 8100
900 3093
901 83bc
902 8b3b
903 8734
904 8100
905 3097
906 83bc
907 8b3b
908 8734
909 8100
910 3093
911 83bc
912 8b3b
913 8734
914 8100
915 3097
916 83bc
917 8b3b
918 8734
919 8100
920 3093
921 83bc
922 8b3b
923 8734
924 8100
925 3097
926 83bc
927 8b3b
928 8734
929 8100
930 3093
931 83bc
932 8b3b
933 8734
934 8100
935 3097
936 83bc
937 8b3b
938 8734
939 8100
940 3093
941 83bc
942 8b3b
943 8734
944 8100
945 3097
946 83bc
947 8b3b
948 8734
949 8100
950 3093
951 83bc
952 8b3b
953 8734
954 8100
955 3097
956 83bc
957 8b3b
958 8734
959 8100
960 3093
961 83bc
962 8b3b
963 8734
964 8100
965 3097
966 83bc
967 8b3b
968 8734
969 8100
970 3093
971 83bc
972 8b3b
973 8734
974 8100
975 3097
976 83bc
977 8b3b
978 8734
979 8100
980 3093
981 83bc
982 8b3b
983 8734
984 8100
985 3097
986 83bc
987 8b3b
988 8734
989 8100
990 3093
991 83bc
992 8b3b
993 8734
994 8100
995 3097
996 83bc
997 8b3b
998 8734
999 8100
